0.39104270677516
0.386445083484116
0.37131377305518
0.338811793814894
0.37131377305518
0.396957206698566
0.354794131173328
0.375732236794894
0.369328801833454
0.374048219522214
0.375732236794894
0.374902987818514
0.374902987818514
0.400186645757341
0.403079430736577
0.374902987818514
0.385311139191884
0.380246651503164
0.405419995837072
0.399151329235195
0.386445083484116
0.385883897169739
0.407578578735054
0.394574794983081
0.392420399584587
0.391968718449258
0.403683319254258
0.393302307871103
0.400523350216572
0.410994181822133
0.405975569912256
0.399151329235195
0.402148244846618
0.396957206698566
0.402462121381449
0.413620809117269
0.414035410512177
0.506721293339773
0.469041935278746
0.418927899027345
0.405137985518628
0.506779757508216
0.414035410512177
0.460263372789285
0.445162943717369
0.410060387077714
0.506852665103294
0.404853082736205
0.435654993537185
0.409821949752954
0.506910853713789
0.417512164483124
0.423086350468184
0.434000486282981
0.409338845788735
0.431810484568878
0.414846498142518
0.507012391395749
0.424814022909013
0.43765950593297
0.507055794182357
0.483485990644429
0.423528446448902
0.417512164483124
0.507113559272637
0.458159828884769
0.414035410512177
0.415045622850259
0.419270838911299
0.509760408520037
0.507199982296287
0.465887098773322
0.435274470082792
0.435465383396341
0.507257448627156
0.438095586753612
0.429432930948447
0.438439588398049
0.451441774532388
0.462935658827288
0.507343425825878
0.459473055533055
0.423674261890183
0.449957742124788
0.42424998773788
0.507414870766958
0.484317722772627
0.430017747870611
0.425366832751159
0.507471894708519
0.422937407603143
0.444825421001191
0.450955853492177
0.445095766471139
0.429901765331429
0.44536350616108
0.458865202442789
0.427726741708828
0.453504152032085
0.501230705749739
0.507628109616933
0.507642267506014
0.507656418182721
0.467852313395513
0.444620921100048
0.428592934137624
0.507712948912541
0.484997632395586
0.434497418637172
0.430590505848464
0.507769364829935
0.443716933663033
0.44754075943063
0.443998230019089
0.431701765143291
0.507839723980462
0.453454415621703
0.429668337253752
0.485347242909377
0.436584102816839
0.455608811020198
0.507923920390803
0.448746058167123
0.459312257528158
0.485536101049522
0.436308618465246
0.45443260746312
0.431918780135979
0.432454013993363
0.434791366118572
0.500826625567802
0.508063683089565
0.505471886868301
0.471068010924935
0.435749315453885
0.463496137418566
0.433799197157404
0.455470268200449
0.436492577930816
0.508174989134924
0.486033533977869
0.440338957771514
0.437216469782758
0.50823047535118
0.482471400060966
0.435560350250475
0.436030374625151
0.436216179851563
0.43826812008952
0.456559732454707
0.464517494301541
0.451971900884953
0.437571462189602
0.446151581081333
0.502194396074588
0.508396272079816
0.449444907045907
0.467970642766261
0.508437567098984
0.458987841837487
0.452901355622835
0.451495244765985
0.503250391326036
0.508506256000894
0.508519973422299
0.508533684073008
0.494551202876076
0.444207348530776
0.441511189840689
0.508588459102397
0.446980830057713
0.440098456028648
0.465950663509934
0.460107097959227
0.508656776347303
0.48709157506789
0.445430039792354
0.441048216160546
0.487180416650375
0.508724925983493
0.441739814816705
0.447168730060175
0.487298431815795
0.443716933663033
0.502706286072144
0.508806485458122
0.487415947708794
0.446854853525341
0.444414904498521
0.508860725705334
0.443575209999592
0.415828147210444
0.277777777777779
0.451971900884953
0.441357721064801
0.506159659120739
0.481308980340536
0.393302307871103
0.277777777777779
0.481308980340536
0.506159659120739
0.338811793814894
0.277777777777779
0.481308980340536
0.338811793814894
0.393302307871103
0.500407399179583
0.506159659120739
0.462900250565289
0.367190995135227
0.451971900884953
0.277777777777779
0.438353986549787
0.367190995135227
0.506159659120739
0.481308980340536
0.393302307871103
0.367190995135227
0.506159659120739
0.476862163247562
0.446917913206855
0.316285954475553
0.405699171833001
0.446917913206855
0.316285954475553
0.506159659120739
0.316285954475553
0.399845809852012
0.438353986549787
0.354794131173328
0.499388002586905
0.506159659120739
0.277777777777779
0.424392073867514
0.354794131173328
0.506159659120739
0.441357721064801
0.393302307871103
0.446917913206855
0.424392073867514
0.506159659120739
0.506159659120739
0.506159659120739
0.490480077582728
0.393302307871103
0.367190995135227
0.506159659120739
0.377319970512669
0.438353986549787
0.446917913206855
0.42027496430342
0.399845809852012
0.428225011172344
0.446917913206855
0.441357721064801
0.506159659120739
0.462900250565289
0.277777777777779
0.424392073867514
0.354794131173328
0.367190995135227
0.438353986549787
0.441357721064801
0.424392073867514
0.277777777777779
0.481308980340536
0.338811793814894
0.393302307871103
0.500407399179583
0.503357945030356
0.506159659120739
0.47368669581201
0.367190995135227
0.506159659120739
0.481308980340536
0.428225011172344
0.428225011172344
0.410994181822133
0.506159659120739
0.393302307871103
0.399845809852012
0.441357721064801
0.506159659120739
0.449502358519908
0.428225011172344
0.438353986549787
0.431810484568878
0.277777777777779
0.415828147210444
0.506159659120739
0.441357721064801
0.451971900884953
0.428225011172344
0.438353986549787
0.354794131173328
0.506159659120739
0.399845809852012
0.424392073867514
0.506159659120739
0.393302307871103
0.277777777777779
0.424392073867514
0.354794131173328
0.507951929243973
0.506159659120739
0.506159659120739
0.506159659120739
0.479865897762576
0.428225011172344
0.424392073867514
0.385883897169739
0.506159659120739
0.481308980340536
0.399845809852012
0.42027496430342
0.367190995135227
0.506159659120739
0.481308980340536
0.393302307871103
0.367190995135227
0.506159659120739
0.42027496430342
0.277777777777779
0.424392073867514
0.454336323908219
0.428225011172344
0.42027496430342
0.367190995135227
0.506159659120739
0.377319970512669
0.428225011172344
0.367190995135227
0.506159659120739
0.393302307871103
0.367190995135227
0.506159659120739
0.441357721064801
0.428225011172344
0.446917913206855
0.385883897169739
0.393302307871103
0.481308980340536
0.507063021391396
0.506159659120739
0.489259027209462
0.428225011172344
0.506159659120739
0.438353986549787
0.367190995135227
0.441357721064801
0.481308980340536
0.367190995135227
0.354794131173328
0.506159659120739
0.393302307871103
0.367190995135227
0.506159659120739
0.316285954475553
0.456604212492676
0.506159659120739
0.481308980340536
0.393302307871103
0.367190995135227
0.506159659120739
0.490480077582728
0.446917913206855
0.42027496430342
0.481308980340536
0.446917913206855
0.42027496430342
0.506159659120739
0.481308980340536
0.438353986549787
0.367190995135227
0.367190995135227
0.506159659120739
0.506159659120739
0.506159659120739
0.46087982588913
0.424392073867514
0.354794131173328
0.506159659120739
0.441357721064801
0.481308980340536
0.428225011172344
0.428225011172344
0.354794131173328
0.506159659120739
0.277777777777779
0.451971900884953
0.393302307871103
0.399845809852012
0.415828147210444
0.367190995135227
0.506159659120739
0.399845809852012
0.424392073867514
0.506159659120739
0.481308980340536
0.419440734106226
0.438439588398049
0.452594979967959
0.416776286276262
0.419440734106226
0.483077736714879
0.499321240513755
0.506159659120739
0.46087982588913
0.424392073867514
0.354794131173328
0.499388002586905
0.506159659120739
0.277777777777779
0.441357721064801
0.506159659120739
0.399845809852012
0.424392073867514
0.506159659120739
0.446917913206855
0.377319970512669
0.377319970512669
0.399845809852012
0.441357721064801
0.393302307871103
0.506159659120739
0.481308980340536
0.393302307871103
0.428225011172344
0.446917913206855
0.385883897169739
0.393302307871103
0.481308980340536
0.506159659120739
0.393302307871103
0.367190995135227
0.506159659120739
0.441357721064801
0.481308980340536
0.428225011172344
0.428225011172344
0.354794131173328
0.499388002586905
0.506159659120739
0.506159659120739
0.506159659120739
0.490480077582728
0.393302307871103
0.367190995135227
0.506159659120739
0.476862163247562
0.277777777777779
0.316285954475553
0.316285954475553
0.367190995135227
0.438353986549787
0.451971900884953
0.428225011172344
0.338811793814894
0.410994181822133
0.499388002586905
0.506159659120739
0.451971900884953
0.399845809852012
0.481308980340536
0.393302307871103
0.391968718449258
0.322484386456503
0.367190995135227
0.322484386456503
0.35956774942129
0.391968718449258
0.353001394475061
0.327548874145224
0.391968718449258
0.327548874145224
0.34680296249411
0.277777777777779
0.349026371040598
0.322484386456503
0.388582890182342
0.391968718449258
0.37131377305518
0.277777777777779
0.349026371040598
0.322484386456503
0.391968718449258
0.364874839331366
0.335540042824439
0.338811793814894
0.327548874145224
0.327548874145224
0.34680296249411
0.338811793814894
0.351084925822647
0.331830837473758
0.391968718449258
0.379543379059157
0.335540042824439
0.358065882163784
0.353001394475061
0.362347845492318
0.331830837473758
0.335540042824439
0.391968718449258
0.379543379059157
0.335540042824439
0.322484386456503
0.391968718449258
0.379543379059157
0.362347845492318
0.34680296249411
0.331830837473758
0.322484386456503
0.367190995135227
0.391968718449258
0.364874839331366
0.353001394475061
0.353001394475061
0.316285954475553
0.388582890182342
0.391968718449258
0.391968718449258
0.391968718449258
0.369328801833454
0.351084925822647
0.316285954475553
0.391968718449258
0.297031866126664
0.362347845492318
0.358065882163784
0.297031866126664
0.34680296249411
0.322484386456503
0.316285954475553
0.391968718449258
0.277777777777779
0.35956774942129
0.391968718449258
0.338811793814894
0.379543379059157
0.391968718449258
0.308294785796338
0.277777777777779
0.349026371040598
0.322484386456503
0.389092588478681
0.391968718449258
0.380932557408451
0.351084925822647
0.322484386456503
0.388582890182342
0.391968718449258
0.379543379059157
0.364874839331366
0.353001394475061
0.389092588478681
0.391968718449258
0.380932557408451
0.351084925822647
0.322484386456503
0.388582890182342
0.391968718449258
0.379543379059157
0.364874839331366
0.353001394475061
0.389092588478681
0.391968718449258
0.369328801833454
0.351084925822647
0.316285954475553
0.391968718449258
0.379543379059157
0.335540042824439
0.338811793814894
0.333747306126176
0.343093757143428
0.312576749124872
0.316285954475553
0.372714630100372
0.258523689428891
0.331830837473758
0.297031866126664
0.372714630100372
0.360289290710268
0.316285954475553
0.338811793814894
0.333747306126176
0.343093757143428
0.312576749124872
0.316285954475553
0.372714630100372
0.372714630100372
0.372714630100372
0.364874839331366
0.316285954475553
0.303230298107614
0.372714630100372
0.344385979799954
0.333747306126176
0.338811793814894
0.335540042824439
0.258523689428891
0.327548874145224
0.372714630100372
0.277777777777779
0.327548874145224
0.258523689428891
0.297031866126664
0.303230298107614
0.372714630100372
0.345620750982476
0.303230298107614
0.331830837473758
0.360289290710268
0.372714630100372
0.340313661072404
0.331830837473758
0.319557705466009
0.289040697447449
0.325131891451068
0.303230298107614
0.338811793814894
0.373166311235698
0.340313661072404
0.331830837473758
0.258523689428891
0.289040697447449
0.325131891451068
0.369838500129791
0.372714630100372
0.356478148446005
0.303230298107614
0.372714630100372
0.327548874145224
0.303230298107614
0.308294785796338
0.360289290710268
0.372714630100372
0.319557705466009
0.360289290710268
0.372714630100372
0.297031866126664
0.303230298107614
0.258523689428891
0.297031866126664
0.369328801833454
0.372714630100372
0.258523689428891
0.331830837473758
0.297031866126664
0.372714630100372
0.345620750982476
0.319557705466009
0.360289290710268
0.316285954475553
0.372714630100372
0.319557705466009
0.360289290710268
0.340313661072404
0.372714630100372
0.316285954475553
0.303230298107614
0.258523689428891
0.297031866126664
0.372714630100372
0.372714630100372
0.372714630100372
0.356478148446005
0.303230298107614
0.372714630100372
0.345620750982476
0.303230298107614
0.331830837473758
0.360289290710268
0.372714630100372
0.312576749124872
0.258523689428891
0.327548874145224
0.343093757143428
0.329772282691712
0.335540042824439
0.316285954475553
0.319557705466009
0.331830837473758
0.312576749124872
0.372714630100372
0.277777777777779
0.258523689428891
0.289040697447449
0.325131891451068
0.368809575916449
0.372714630100372
0.37131377305518
0.350074713484567
0.331830837473758
0.297031866126664
0.372714630100372
0.316285954475553
0.258523689428891
0.340313661072404
0.360289290710268
0.372714630100372
0.360289290710268
0.316285954475553
0.333747306126176
0.343093757143428
0.372714630100372
0.340313661072404
0.327548874145224
0.258523689428891
0.319557705466009
0.331830837473758
0.372714630100372
0.360289290710268
0.316285954475553
0.303230298107614
0.372714630100372
0.358065882163784
0.258523689428891
0.277777777777779
0.277777777777779
0.303230298107614
0.338811793814894
0.345620750982476
0.333747306126176
0.289040697447449
0.325131891451068
0.370339014171533
0.372714630100372
0.372714630100372
0.372714630100372
0.352059684706294
0.333747306126176
0.329772282691712
0.303230298107614
0.372714630100372
0.360289290710268
0.333747306126176
0.372714630100372
0.329772282691712
0.347936906786341
0.372714630100372
0.258523689428891
0.338811793814894
0.329772282691712
0.340313661072404
0.369328801833454
0.372714630100372
0.329772282691712
0.347936906786341
0.372714630100372
0.277777777777779
0.303230298107614
0.258523689428891
0.329772282691712
0.319557705466009
0.340313661072404
0.316285954475553
0.372714630100372
0.277777777777779
0.333747306126176
0.347936906786341
0.369838500129791
0.372714630100372
0.361678469059566
0.372714630100372
0.308294785796338
0.338811793814894
0.258523689428891
0.277777777777779
0.322484386456503
0.333747306126176
0.343093757143428
0.340313661072404
0.372714630100372
0.297031866126664
0.258523689428891
0.347936906786341
0.369838500129791
0.372714630100372
0.352059684706294
0.258523689428891
0.327548874145224
0.327548874145224
0.333747306126176
0.333747306126176
0.316285954475553
0.369838500129791
0.372714630100372
0.352059684706294
0.258523689428891
0.327548874145224
0.327548874145224
0.258523689428891
0.347936906786341
0.369838500129791
0.37131377305518
0.372714630100372
0.372714630100372
0.372714630100372
0.356478148446005
0.303230298107614
0.372714630100372
0.289040697447449
0.316285954475553
0.333747306126176
0.338811793814894
0.360289290710268
0.327548874145224
0.303230298107614
0.297031866126664
0.372714630100372
0.319557705466009
0.331830837473758
0.372714630100372
0.316285954475553
0.319557705466009
0.340313661072404
0.372714630100372
0.322484386456503
0.333747306126176
0.347936906786341
0.368809575916449
0.372714630100372
0.37083066909096
0.364874839331366
0.345620750982476
0.258523689428891
0.340313661072404
0.372714630100372
0.277777777777779
0.338811793814894
0.319557705466009
0.327548874145224
0.327548874145224
0.319557705466009
0.312576749124872
0.369328801833454
0.372714630100372
0.258523689428891
0.331830837473758
0.297031866126664
0.372714630100372
0.360289290710268
0.316285954475553
0.303230298107614
0.372714630100372
0.340313661072404
0.327548874145224
0.319557705466009
0.360289290710268
0.316285954475553
0.347936906786341
0.372714630100372
0.360289290710268
0.333747306126176
0.344385979799954
0.303230298107614
0.340313661072404
0.372714630100372
0.372714630100372
0.372714630100372
0.353001394475061
0.319557705466009
0.297031866126664
0.372714630100372
0.312576749124872
0.347936906786341
0.338811793814894
0.303230298107614
0.372714630100372
0.258523689428891
0.331830837473758
0.297031866126664
0.372714630100372
0.312576749124872
0.319557705466009
0.329772282691712
0.277777777777779
0.327548874145224
0.303230298107614
0.372714630100372
0.319557705466009
0.331830837473758
0.372714630100372
0.360289290710268
0.316285954475553
0.303230298107614
0.372714630100372
0.345620750982476
0.258523689428891
0.277777777777779
0.303230298107614
0.374048219522214
0.372714630100372
0.350074713484567
0.327548874145224
0.327548874145224
0.372714630100372
0.329772282691712
0.319557705466009
0.329772282691712
0.340313661072404
0.347936906786341
0.372714630100372
0.345620750982476
0.303230298107614
0.338811793814894
0.303230298107614
0.372714630100372
0.360289290710268
0.316285954475553
0.303230298107614
0.372714630100372
0.277777777777779
0.333747306126176
0.338811793814894
0.333747306126176
0.312576749124872
0.333747306126176
0.344385979799954
0.303230298107614
0.340313661072404
0.369328801833454
0.372714630100372
0.372714630100372
0.372714630100372
0.350074713484567
0.331830837473758
0.297031866126664
0.372714630100372
0.360289290710268
0.316285954475553
0.303230298107614
0.372714630100372
0.329772282691712
0.333747306126176
0.329772282691712
0.303230298107614
0.372714630100372
0.338811793814894
0.258523689428891
0.360289290710268
0.316285954475553
0.340313661072404
0.372714630100372
0.333747306126176
0.343093757143428
0.360289290710268
0.312576749124872
0.338811793814894
0.258523689428891
0.277777777777779
0.303230298107614
0.368809575916449
